﻿"Windenergie op land; productie en capaciteit naar ashoogte"
""
""
"Onderwerp";"Windmolens|In gebruik genomen windmolens";"Windmolens|In gebruik genomen windmolens";"Windmolens|In gebruik genomen windmolens";"Windmolens|In gebruik genomen windmolens";"Windmolens|In gebruik genomen windmolens";"Windmolens|Uit gebruik genomen windmolens";"Windmolens|Uit gebruik genomen windmolens";"Windmolens|Uit gebruik genomen windmolens";"Windmolens|Uit gebruik genomen windmolens";"Windmolens|Uit gebruik genomen windmolens";"Windmolens|Opgestelde windmolens einde van jaar";"Windmolens|Opgestelde windmolens einde van jaar";"Windmolens|Opgestelde windmolens einde van jaar";"Windmolens|Opgestelde windmolens einde van jaar";"Windmolens|Opgestelde windmolens einde van jaar";"Rotoroppervlak|In gebruik genomen rotoroppervlak";"Rotoroppervlak|In gebruik genomen rotoroppervlak";"Rotoroppervlak|In gebruik genomen rotoroppervlak";"Rotoroppervlak|In gebruik genomen rotoroppervlak";"Rotoroppervlak|In gebruik genomen rotoroppervlak";"Rotoroppervlak|Uit gebruik genomen rotoroppervlak";"Rotoroppervlak|Uit gebruik genomen rotoroppervlak";"Rotoroppervlak|Uit gebruik genomen rotoroppervlak";"Rotoroppervlak|Uit gebruik genomen rotoroppervlak";"Rotoroppervlak|Uit gebruik genomen rotoroppervlak";"Rotoroppervlak|Opgesteld rotoroppervlak einde jaar";"Rotoroppervlak|Opgesteld rotoroppervlak einde jaar";"Rotoroppervlak|Opgesteld rotoroppervlak einde jaar";"Rotoroppervlak|Opgesteld rotoroppervlak einde jaar";"Rotoroppervlak|Opgesteld rotoroppervlak einde jaar"
"Ashoogten windmolens";"t/m 30 meter";"31 t/m 50 meter";"51 t/m 70 meter";"71 t/m 95 meter";"96 meter of meer";"t/m 30 meter";"31 t/m 50 meter";"51 t/m 70 meter";"71 t/m 95 meter";"96 meter of meer";"t/m 30 meter";"31 t/m 50 meter";"51 t/m 70 meter";"71 t/m 95 meter";"96 meter of meer";"t/m 30 meter";"31 t/m 50 meter";"51 t/m 70 meter";"71 t/m 95 meter";"96 meter of meer";"t/m 30 meter";"31 t/m 50 meter";"51 t/m 70 meter";"71 t/m 95 meter";"96 meter of meer";"t/m 30 meter";"31 t/m 50 meter";"51 t/m 70 meter";"71 t/m 95 meter";"96 meter of meer"
"Perioden";"aantal";"aantal";"aantal";"aantal";"aantal";"aantal";"aantal";"aantal";"aantal";"aantal";"aantal";"aantal";"aantal";"aantal";"aantal";"1 000 m2";"1 000 m2";"1 000 m2";"1 000 m2";"1 000 m2";"1 000 m2";"1 000 m2";"1 000 m2";"1 000 m2";"1 000 m2";"1 000 m2";"1 000 m2";"1 000 m2";"1 000 m2";"1 000 m2"
"1990";"37";"33";"";"";"";".";".";".";"";"";"249";"73";"1";"";"";"16";"15";"";"";"";".";".";".";"";"";"68";"33";"2";"";""
"1991";"115";"28";"";"";"";"37";"";"";"";"";"327";"101";"1";"";"";"54";"17";"";"";"";"14";"";"";"";"";"109";"50";"2";"";""
"1992";"34";"54";"";"";"";"11";"9";"";"";"";"350";"146";"1";"";"";"18";"30";"";"";"";"1";"7";"";"";"";"126";"73";"2";"";""
"1993";"60";"84";"1";"";"";"8";"1";"";"";"";"402";"229";"2";"";"";"30";"37";"1";"";"";"1";"0";"";"";"";"156";"110";"2";"";""
"1994";"21";"85";"";"";"";"11";"4";"";"";"";"412";"310";"2";"";"";"11";"50";"";"";"";"1";"2";"";"";"";"165";"158";"2";"";""
"1995";"31";"303";"2";"";"";"33";"18";"1";"";"";"410";"595";"3";"";"";"18";"247";"4";"";"";"11";"12";"2";"";"";"172";"393";"4";"";""
"1996";"9";"109";"13";"";"";"18";"6";"";"";"";"401";"698";"16";"";"";"5";"95";"23";"";"";"4";"1";"";"";"";"172";"486";"27";"";""
"1997";"3";"79";"7";"";"";"55";"1";"";"";"";"349";"776";"23";"";"";"1";"91";"11";"";"";"25";"1";"";"";"";"149";"576";"38";"";""
"1998";"5";"21";"36";"";"";"15";"2";"";"";"";"339";"795";"59";"";"";"3";"29";"72";"";"";"4";"2";"";"";"";"148";"604";"110";"";""
"1999";"5";"31";"33";"1";"";"4";"6";"";"";"";"340";"820";"92";"1";"";"3";"41";"70";"2";"";"1";"2";"";"";"";"150";"643";"180";"2";""
"2000";"";"16";"30";"1";"";"5";"4";"";"";"";"335";"832";"122";"2";"";"";"17";"69";"4";"";"2";"1";"";"";"";"148";"659";"249";"6";""
"2001";"";"20";"40";"";"";"6";"3";"";"";"";"329";"849";"162";"2";"";"";"29";"92";"";"";"2";"3";"";"";"";"147";"685";"341";"6";""
"2002";"2";"13";"117";"21";"";"3";"37";"1";"";"";"328";"825";"278";"23";"";"1";"22";"349";"86";"";"0";"28";"1";"";"";"147";"679";"690";"92";""
"2003";"1";"56";"122";"21";"";"10";"40";"6";"";"";"319";"841";"394";"44";"";"0";"116";"378";"72";"";"3";"13";"10";"";"";"144";"782";"1058";"165";""
"2004";"3";"53";"87";"25";"";"23";"85";"4";"";"";"299";"809";"477";"69";"";"2";"112";"218";"130";"";"9";"60";"7";"";"";"137";"833";"1269";"295";""
"2005";"3";"42";"46";"33";"1";"15";"53";"1";"";"";"287";"798";"522";"102";"1";"1";"82";"127";"161";"7";"4";"36";"2";"";"";"134";"878";"1394";"456";"7"
"2006";"";"24";"57";"36";"4";"18";"13";"5";"";"";"269";"809";"574";"138";"5";"";"45";"248";"174";"25";"7";"6";"11";"";"";"127";"917";"1630";"630";"32"
"2007";"1";"15";"33";"71";"3";"47";"10";"4";"";"1";"223";"814";"603";"209";"7";"1";"28";"132";"318";"16";"24";"11";"12";"";"7";"104";"933";"1750";"947";"41"
"2008";"1";"8";"27";"20";"75";"21";"14";"8";"1";"";"203";"808";"622";"228";"82";"0";"15";"60";"106";"423";"9";"12";"14";"4";"";"95";"936";"1796";"1049";"464"
"2009";"1";"5";"12";"6";"28";"11";"107";"";"";"";"193";"706";"634";"234";"110";"0";"9";"27";"34";"154";"3";"85";"";"";"";"92";"861";"1823";"1083";"618"
"2010";"6";"4";"11";"7";"";"4";"23";"1";"";"";"195";"687";"644";"241";"110";"0";"7";"25";"26";"";"2";"28";"3";"";"";"91";"839";"1845";"1109";"618"
"2011";"1";"6";"12";"26";"2";"24";"8";"10";"";"";"172";"685";"646";"267";"112";"0";"11";"41";"160";"12";"18";"11";"37";"";"";"73";"839";"1849";"1268";"630"
"2012";"";"10";"12";"19";"24";"12";"39";"9";"5";"";"160";"656";"649";"281";"136";"";"19";"41";"104";"188";"5";"40";"28";"30";"";"68";"818";"1862";"1342";"819"
"2013";"";"6";"2";"34";"69";"";"11";"5";"";"";"160";"651";"646";"315";"205";"";"13";"8";"262";"505";"";"14";"25";"";"";"68";"816";"1845";"1604";"1324"
"2014";"2";"11";"1";"9";"39";"";"3";"7";"1";"";"162";"659";"640";"323";"244";"0";"19";"2";"61";"312";"";"5";"26";"4";"";"69";"830";"1821";"1662";"1636"
"2015";"";"28";"5";"52";"63";"59";"74";"10";"1";"";"103";"613";"635";"374";"307";"";"62";"20";"425";"558";"26";"74";"25";"3";"";"43";"818";"1815";"2083";"2194"
"2016";"2";"4";"4";"19";"69";"15";"42";"22";"9";"";"90";"575";"617";"384";"376";"0";"8";"27";"149";"655";"6";"34";"49";"39";"";"36";"791";"1793";"2193";"2850"
"2017";"21";"19";"6";"6";"12";"25";"34";"27";"36";"3";"86";"560";"596";"354";"385";"2";"41";"25";"21";"157";"12";"42";"97";"138";"17";"26";"791";"1721";"2077";"2990"
"2018";"0";"0";"6";"20";"40";"1";"7";"8";"0";"2";"85";"553";"594";"374";"423";"0";"0";"14";"200";"418";"0";"7";"19";"0";"13";"26";"784";"1716";"2277";"3395"
"2019";"0";"2";"7";"5";"35";"0";"11";"25";"7";"3";"85";"544";"576";"372";"455";"0";"3";"27";"33";"421";"0";"19";"77";"44";"28";"26";"768";"1667";"2266";"3788"
"2020";"0";"4";"3";"20";"179";"7";"39";"30";"1";"11";"78";"509";"549";"391";"623";"0";"6";"12";"93";"2141";"3";"27";"87";"2";"93";"23";"746";"1592";"2357";"5837"
"2021";"0";"1";"1";"55";"228";"2";"38";"46";"10";"0";"76";"472";"504";"436";"851";"0";"2";"5";"623";"3042";"0";"48";"161";"64";"0";"23";"701";"1436";"2916";"8879"
"2022**";"0";"8";"0";"44";"203";"5";"19";"48";"12";"1";"71";"461";"456";"468";"1053";"0";"14";"0";"513";"2998";"1";"25";"185";"42";"6";"22";"690";"1252";"3386";"11870"
"2023**";".";".";".";".";".";".";".";".";".";".";"71";"460";"445";"493";"1152";".";".";".";".";".";".";".";".";".";".";"22";"690";"1208";"3707";"13750"
"Bron: CBS"
